1 0.1750266808964781 0.3899561247480138 0.12379935965848446 0.1460927309379818
1 0.16915688367129136 0.5246650065219969 0.1376734258271078 0.14988734732598125
1 0.3665955176093917 0.8832859006284832 0.18890074706510135 0.23342819874303344
1 0.272145144076841 0.7020633226609745 0.1728922091782284 0.21249851772797335
1 0.3223052294557096 0.2476580101980315 0.13020277481323364 0.19162812759397596
1 0.4909284951974386 0.32260168386102217 0.11953041622198513 0.1707577374599787
1 0.8649946638207041 0.4886161508360013 0.12273212379935955 0.20680659314597413
1 0.6963713980789753 0.3984940116210126 0.10779082177161144 0.22008775050397245
1 0.15474919957310562 0.2078145381240365 0.10245464247598715 0.1195304162219851
1 0.5410885805763074 0.23912012332503255 0.10458911419423686 0.15178465551998102
1 0.8297758804695833 0.32260168386102217 0.10565635005336162 0.19352543578797582
3 0.9461045891141943 0.35580457725601794 0.0544290288153681 0.35100201588995605
1 0.7929562433297757 0.4345428673070081 0.12379935965848432 0.2808016127119648
