1 0.4882604055496264 0.5958140637969879 0.15688367129135541 0.23526621605597056
2 0.22411953041622198 0.6612711964899798 0.07897545357524013 0.2902881536819637
1 0.1221985058697972 0.499051345903 0.16328708644610454 0.30736392742796154
1 0.25720384204909286 0.43169690501600855 0.1173959445037353 0.24095814063796986
1 0.44930629669156874 0.2903474445630262 0.14727854855923161 0.17075773745997863
1 0.26734258271077904 0.1983279971540377 0.12273212379935963 0.16886042926597888
1 0.7155816435432228 0.7580339143839677 0.22091782283884748 0.21439582592197312
0 0.8756670224119528 0.3776236214870152 0.1718249733191034 0.3566939404719554
1 0.39914621131269995 0.5009486540969997 0.15795090715048016 0.25803391438396767
3 0.5656350053361792 0.9242381092832842 0.6467449306296689 0.14078026220465717
1 0.9130202774813232 0.9052650273432866 0.12273212379935955 0.1559587277566554
