1 0.20330843116328703 0.3842642001660144 0.1291355389541088 0.15747658010198037
1 0.13073639274279614 0.3292422625400212 0.1056563500533618 0.2219850586979722
1 0.5325506937033083 0.2780149413020277 0.16862326574172898 0.1650658128779794
1 0.8201707577374597 0.33967745760702 0.13767342582710781 0.1859362030119768
1 0.17342582710779075 0.21445511680303564 0.13980789754535747 0.14799003913198147
1 0.30042689434364983 0.2524012806830309 0.11205976520811095 0.1593738882959801
1 0.9386339381003199 0.503984344312337 0.08004268943436514 0.27169452759064094
1 0.8159018143009601 0.885183208822483 0.21024546424759863 0.22963358235503378
3 0.4962646744930629 0.6726846910945096 0.4034151547491996 0.6546306178109808
1 0.3527214514407684 0.20971184631803624 0.09711846318036294 0.1574765801019803
