3 0.2230522945570971 0.40987786078501126 0.26040554962646745 0.6526740187359183
2 0.3745997865528281 0.5986600260879876 0.03628601921024547 0.1726550456539784
1 0.646744930629669 0.7504446816079686 0.18356456776947688 0.29028815368196365
1 0.742796157950907 0.4392861377920074 0.1430096051227322 0.23336890786197081
1 0.4007470651013874 0.8832859006284832 0.23799359658484523 0.23342819874303344
1 0.4210245464247598 0.5189730819399976 0.1248665955176093 0.23336890786197073
1 0.40128068303094977 0.2998339855330249 0.0917822838847384 0.20870390133997385
1 0.5981856990394877 0.3823668919720146 0.1334044823906084 0.20680659314597405
1 0.8324439701173957 0.8777540585302888 0.22838847385272082 0.2299537473226457
1 0.7449306296691567 0.28275821178702715 0.14087513340448227 0.223882366891972
1 0.06937033084311633 0.5018973081939997 0.06616862326574173 0.2561366061899679
