1 0.5346851654215581 0.691628127593976 0.16008537886872978 0.3168504683979605
1 0.15048025613660618 0.5588165540139927 0.14514407684098182 0.20301197675797467
1 0.17182497331910349 0.38236689197201473 0.1173959445037353 0.1726550456539784
2 0.25773745997865527 0.4525672951500059 0.04802561366061901 0.14229811454998212
1 0.915154749199573 0.49430807541800065 0.12273212379935955 0.20301197675797447
1 0.7950907150480255 0.4535159492470058 0.12806830309498396 0.2049092849519743
1 0.6648879402347917 0.3899561247480138 0.13020277481323375 0.14609273093798172
1 0.4882604055496264 0.9138029142162856 0.21664887940234778 0.15026680317465604
1 0.07577374599786552 0.3131151428910233 0.09818569903948772 0.16696312107197916
1 0.3521878335112059 0.27706628720502785 0.09818569903948778 0.14419542274398198
1 0.6862326574172891 0.2960393691450255 0.11099252934898615 0.1593738882959801
3 0.46798292422625354 0.19263607257203832 0.13980789754535689 0.22198505869797217
1 0.2865528281750267 0.2505039724890311 0.07790821771611527 0.1366061899679829
