1 0.27694770544290287 0.45452389422506834 0.14407684098185697 0.199217360369975
2 0.5314834578441824 0.7030712676390343 0.44397011739594605 0.5521166844539251
1 0.19850586979722518 0.3805288746590776 0.1302027748132337 0.19162812759397604
2 0.08164354322305228 0.48298351713506477 0.07363927427961578 0.23716352424997042
1 0.6456776947705443 0.28092019447409006 0.14514407684098196 0.18214158662397714
1 0.8244397011739594 0.42511561721807195 0.16755602988260407 0.2352662160559705
1 0.3729989327641408 0.2600498043400926 0.14194236926360723 0.21249851772797335
1 0.16755602988260404 0.2088224831020991 0.10032017075773744 0.15557927190798057
1 0.23319103521878332 0.18510613067710202 0.08217716115261474 0.13850349816198265
1 0.052828175026680885 0.30653385509308684 0.08858057630736389 0.15747658010198026
1 0.047491995731056565 0.17372228151310343 0.07577374599786552 0.1574765801019803
1 0.7913553895410882 0.856753231353018 0.08858057630736382 0.28649353729396415
