3 0.3890074706510138 0.7599312225779674 0.3319103521878335 0.40792126170994897
3 0.3665955176093917 0.4468753705680066 0.25720384204909286 0.2599312225779674
1 0.21771611526147275 0.7191390964069724 0.05976520811099253 0.27700699632396514
1 0.1579509071504802 0.5626111704019922 0.1302027748132337 0.25613660618996803
1 0.08591248665955174 0.4193644017550101 0.1077908217716115 0.21629313411597295
1 0.19743863393810032 0.4231590181430095 0.09818569903948772 0.2694177635479662
1 0.635538954108858 0.3804695837780149 0.12913553895410884 0.21060120953397363
1 0.3249733191035219 0.24576070200403177 0.12486659551760941 0.1726550456539784
1 0.45570971184631803 0.3178584133760227 0.11953041622198506 0.1954227439819756
1 0.9461045891141941 0.5239060803493345 0.10779082177161171 0.24323490468064457
1 0.8046958377801492 0.9052650273432866 0.29882604055496276 0.18252104247265194
