1 0.3260405549626467 0.45731056563500533 0.13767342582710781 0.21629313411597287
1 0.3906083244397012 0.7779556504209652 0.1878335112059766 0.303569311039962
1 0.48665955176093917 0.5920194474089884 0.17075773745997863 0.22767698327997152
1 0.6403415154749197 0.7770069963239653 0.15795090715048016 0.271315071741966
1 0.686232657417289 0.39185343294201347 0.14514407684098202 0.20301197675797453
1 0.9226254002134471 0.37307007892635324 0.1227321237993597 0.1958021998306504
1 0.07417289220917822 0.3140637969880232 0.09284951974386338 0.1574765801019803
1 0.34311632870864456 0.251452626586031 0.13340448239060826 0.18403889481797692
1 0.4855923159018143 0.3254476461520218 0.1259338313767342 0.18024427842997745
1 0.7833511205976518 0.890845487963951 0.19210245464247605 0.18783351120597658
1 0.06350053361792955 0.18409818569903946 0.08217716115261471 0.1669631210719791
