1 0.12006403415154747 0.5018973081939997 0.13127001067235855 0.18783351120597658
1 0.31643543223052295 0.4611051820230048 0.1398078975453575 0.1973200521759753
1 0.5731056563500533 0.6290169571919838 0.1707577374599785 0.2751096881299655
1 0.8175026680896477 0.4535159492470058 0.1686232657417287 0.17834697023597776
1 0.36392742796157945 0.8585912486659549 0.17716115261472787 0.23336890786197087
1 0.2716115261472785 0.2068658840270366 0.08644610458911416 0.14040080635598243
1 0.7171824973319102 0.30932052650302383 0.11953041622198513 0.1593738882959801
1 0.5768409818569901 0.35295861496501835 0.12059765208110983 0.1593738882959801
1 0.4050160085378869 0.2875014822720265 0.11846318036286015 0.16506581287797928
1 0.5597652081109925 0.23342819874303328 0.1141942369263608 0.08348156053598955
3 0.08004268943436499 0.12243566939404715 0.1109925293489861 0.1802442784299774
