1 0.4818569903948772 0.3169097592790229 0.1270010672358592 0.1707577374599787
1 0.6366061899679828 0.37382900509901573 0.14407684098185697 0.1783469702359777
1 0.8468516542155817 0.4648997984110044 0.17822838847385256 0.23906083244397017
1 0.22572038420490925 0.39469939523301306 0.12913553895410884 0.16696312107197905
1 0.375667022411953 0.49335942132100075 0.1280683030949839 0.20870390133997374
1 0.3260405549626466 0.6527333096169806 0.17822838847385264 0.2504446816079685
1 0.5266808964781216 0.6755010079449779 0.14834578441835647 0.22388236689197213
1 0.6782283884738527 0.7969287323609628 0.16115261472785483 0.2732123799359657
3 0.4364994663820703 0.9013103284714811 0.495197438633938 0.19737934305703803
1 0.8863393810032016 0.9100082978282862 0.1995731056563501 0.15026680317465618
1 0.17556029882604055 0.2210956954820348 0.10992529348986127 0.18024427842997745
1 0.05549626467449306 0.19832799715403765 0.07257203842049093 0.19542274398197557
