1 0.2502668089647812 0.6868848571089765 0.16969050160085378 0.30356931103996204
1 0.4252934898612593 0.5569192458199929 0.16328708644610443 0.2257796750859717
1 0.1542155816435432 0.3747776591960155 0.1376734258271078 0.20680659314597413
1 0.6056563500533616 0.3387288035100201 0.14834578441835639 0.21439582592197315
1 0.7449306296691565 0.2950907150480256 0.1366061899679829 0.19542274398197557
1 0.8559231590181429 0.4667971066050041 0.18783351120597658 0.1783469702359777
1 0.4615795090715047 0.30362860192102453 0.12913553895410884 0.14799003913198153
1 0.3137673425827107 0.26568243804102926 0.1408751334044824 0.15178465551998105
1 0.18409818569903946 0.16797106605004145 0.12913553895410881 0.1460927309379817
1 0.3249733191035219 0.1850468397960393 0.11205976520811099 0.11194118344598597
1 0.05549626467449306 0.18694414799003917 0.07043756670224117 0.19921736036997514
