1 0.3564567769477054 0.7760583422269655 0.20064034151547497 0.2580339143839677
1 0.6115261472785485 0.7039606308549744 0.1728922091782284 0.3111585438159609
1 0.08004268943436499 0.4696430688960037 0.10885805763073637 0.21439582592197312
1 0.3804695837780149 0.2732716708170283 0.10992529348986131 0.16696312107197916
1 0.5245464247598719 0.26947705442902875 0.10138740661686235 0.18973081939997624
1 0.6712913553895408 0.39375074113601316 0.12379935965848446 0.1688604292659788
1 0.8623265741728919 0.48102691806000225 0.1494130202774812 0.2181904423099727
1 0.8681963713980788 0.347266690383019 0.1398078975453575 0.15557927190798052
1 0.6889007470651012 0.2922447527570259 0.1334044823906082 0.14419542274398192
1 0.18623265741728917 0.21919838728803506 0.11419423692636067 0.16886042926597888
1 0.11312700106723586 0.3520099608680185 0.11526147278548558 0.16886042926597886
1 0.09231590181430097 0.15374125459504326 0.10138740661686231 0.14419542274398192
1 0.8185699039487682 0.8015415658026869 0.2774813233724645 0.39691686839462387
