1 0.2588046958377801 0.7124985177279735 0.16542155816435428 0.24475275702596938
1 0.45410885805763057 0.5863275228269892 0.15901814300960504 0.19352543578797574
1 0.6045891141942367 0.7257796750859719 0.16969050160085375 0.2523419898019686
2 0.7497331910352187 0.8578323224932926 0.08431163287086449 0.2584133702326426
1 0.6696905016008537 0.3909047788450135 0.13340448239060834 0.1745523538479781
1 0.8239060832443968 0.46774576070200397 0.1408751334044824 0.19162812759397604
1 0.4823906083244397 0.3178584133760227 0.11099252934898608 0.16506581287797928
1 0.28388473852721446 0.4611051820230048 0.13020277481323372 0.15937388829597998
1 0.16115261472785483 0.5607138622079924 0.14727854855923156 0.18403889481797692
1 0.14407684098185697 0.3671884264200165 0.14087513340448238 0.14609273093798167
1 0.946104589114194 0.42050278377634726 0.07363927427961572 0.19200758344265081
1 0.5272145144076841 0.24860666429503142 0.10672358591248667 0.144195422743982
1 0.3591248665955176 0.27137436262302855 0.10138740661686221 0.15557927190798057
1 0.2556029882604055 0.23722281513103283 0.10779082177161153 0.14799003913198153
1 0.6616862326574173 0.2856041740780267 0.10885805763073635 0.11573579983398549
1 0.15688367129135533 0.21160915451203605 0.10458911419423692 0.13091426538598358
1 0.42209178228388466 0.9297403059409461 0.16755602988260399 0.09486540969998827
