1 0.24332977588046958 0.4146211312700106 0.14514407684098185 0.17644966204197787
1 0.31910352187833513 0.8159018143009601 0.1792956243329776 0.28839084548796406
1 0.22785485592315902 0.6508360014229811 0.14834578441835652 0.21249851772797335
1 0.570437566702241 0.6897308193999763 0.17609391675560296 0.22957429147397135
1 0.38954108858057623 0.5540732835289931 0.15368196371398063 0.21249851772797335
1 0.8255069370330841 0.4620538361200047 0.1398078975453575 0.1726550456539784
1 0.5261472785485591 0.3273449543460215 0.10885805763073648 0.15368196371398077
1 0.35645677694770533 0.2732716708170283 0.08751334044823895 0.11763310802798532
1 0.23692636072572035 0.23722281513103283 0.09818569903948773 0.14799003913198153
1 0.40715048025613654 0.22299300367603464 0.0971184631803628 0.12711964899798414
1 0.7198505869797225 0.8405668208229571 0.19957310565634998 0.24665006521996916
1 0.6766275346851652 0.40133997391201226 0.1323372465314835 0.18403889481797694
1 0.15154749199573103 0.21066050041503614 0.10245464247598718 0.11383849163998583
