1 0.1221985058697972 0.4544646033440056 0.1270010672358591 0.20301197675797453
1 0.19263607257203688 0.5853788687299878 0.12486659551760723 0.23336890786197062
1 0.2566702241195304 0.40418593620301196 0.1077908217716115 0.12522234080398434
1 0.5768409818569903 0.6100438752519861 0.10352187833511209 0.2751096881299656
1 0.4114194236926346 0.6926064271315073 0.34685165421558056 0.6071979129609868
1 0.5384204909284951 0.34631803628601915 0.10565635005336177 0.18783351120597644
1 0.8612593383137672 0.4867188426420016 0.18143009605122715 0.22577967508597177
1 0.36606189967982916 0.2732716708170283 0.13020277481323372 0.15178465551998102
1 0.2363927427961579 0.22299300367603458 0.10779082177161153 0.18024427842997745
1 0.0768409818569904 0.31596110518202297 0.10245464247598718 0.1650658128779794
