1 0.4631803628601921 0.6043519506699869 0.17075773745997871 0.23336890786197073
1 0.39914621131269945 0.8339262421439538 0.18569903948772745 0.24095814063796875
1 0.09445037353255067 0.5170757737459978 0.13340448239060831 0.19162812759397596
2 0.18356456776947702 0.40418593620301196 0.05122732123799359 0.13660618996798285
1 0.10032017075773744 0.34062611170401985 0.1173959445037353 0.14229811454998217
1 0.43810032017075756 0.31880706747302257 0.11846318036286015 0.15937388829598015
1 0.27961579509071466 0.2381714692280325 0.1067235859124861 0.13091426538598336
1 0.7689434364994662 0.42790228862800894 0.13767342582710781 0.17265504565397832
1 0.9114194236926361 0.495446457439338 0.13447171824973325 0.20149412441264963
1 0.8057630736392741 0.34157476580101975 0.11739594450373544 0.1593738882959801
3 0.5688367129135539 0.22014704138503496 0.14300960512273206 0.2732123799359658
1 0.3847385272145145 0.26757974623502906 0.08217716115261474 0.14040080635598248
