1 0.3340448239060832 0.4848215344480019 0.1344717182497332 0.18024427842997745
1 0.2902881536819632 0.6973200521759728 0.16008537886873073 0.2295742914739753
1 0.48132337246531476 0.6176331080279851 0.14727854855923156 0.21439582592197312
1 0.6568836712913552 0.7732123799359656 0.1889007470651012 0.22957429147397107
1 0.06136606189967983 0.41272382307601085 0.0736392742796158 0.2295742914739712
1 0.5635005336179294 0.3444207280920194 0.11526147278548557 0.18024427842997748
1 0.7038420490928494 0.4089292066880113 0.1270010672358592 0.1802442784299774
1 0.26360725720384204 0.24576070200403177 0.10458911419423693 0.13091426538598364
1 0.42049092849519715 0.2941420609510249 0.10032017075773783 0.14419542274398056
1 0.4482390608324438 0.2419660856160322 0.09818569903948779 0.11953041622198508
1 0.6947705442902878 0.29414206095102563 0.11739594450373544 0.12142772441598484
1 0.9252934898612591 0.3975453575240128 0.11099252934898629 0.16127119648997976
1 0.31270010672358584 0.19927665125103758 0.0896478121664888 0.11763310802798531
1 0.9466382070437563 0.5248547344463342 0.08324439701173975 0.20339143260664932
1 0.3575240128068303 0.8758567503362904 0.2027748132337246 0.19959681621865002
1 0.8100320170757733 0.9100082978282862 0.23052294557097128 0.13888295401065748
1 0.1392742796157949 0.20971184631803563 0.0800426894343646 0.1157357998339843
1 0.06136606189967982 0.171765682438041 0.07577374599786552 0.12711964899798409
