1 0.12059765208110992 0.5094865409699988 0.1622198505869797 0.21439582592197318
1 0.41889007470651 0.8881892535972888 0.2038420490928493 0.21667258996464767
1 0.7358591248665952 0.813245579934298 0.1889007470651015 0.343792238962632
1 0.21771611526147275 0.40798055259101146 0.13233724653148343 0.18214158662397714
1 0.2604055496264674 0.2476580101980315 0.13660618996798288 0.1536819637139807
1 0.39114194236926353 0.23437685284003315 0.1077908217716115 0.16886042926597888
1 0.7065101387406617 0.40228862800901216 0.12593383137673414 0.2087039013399739
1 0.8671291355389539 0.4601565279260049 0.16328708644610457 0.24854737341396876
1 0.5533617929562432 0.24860666429503142 0.12059765208110981 0.14040080635598248
1 0.5458911419423692 0.3444207280920193 0.15048025613660612 0.1878335112059765
1 0.07150480256136606 0.1907387643780386 0.08964781216648879 0.19921736036997506
1 0.7123799359658483 0.3064745642120241 0.11846318036286008 0.15747658010198026
