1 0.35005336179295626 0.5028459622909994 0.15154749199573103 0.20490928495197444
1 0.38260405549626453 0.8272856634649588 0.18676627534685164 0.2694177635479663
1 0.522411953041622 0.6479900391319814 0.15474919957310568 0.20680659314597405
1 0.483991462113127 0.30362860192102453 0.12059765208110995 0.16696312107197916
1 0.7497331910352184 0.8436025110382944 0.21024546424759877 0.2830783767546396
3 0.18356456776947702 0.547432704849994 0.16008537886872998 0.26372583896596696
3 0.6040554962646744 0.23627416103403293 0.1366061899679829 0.2561366061899679
3 0.147812166488794 0.17081702834104115 0.12273212379935963 0.18593620301197675
1 0.31163287086446095 0.2713743626230285 0.10245464247598718 0.15557927190798057
1 0.8228388473852724 0.3861615083600141 0.11099252934898615 0.20301197675797458
1 0.07524012806830309 0.4658484525080043 0.09711846318036285 0.17644966204197793
