1 0.16488794023479186 0.5815842523419897 0.13127001067235858 0.21439582592197326
1 0.32177161152614725 0.8379105864562952 0.18249733191035208 0.294462225918638
3 0.13553895410885802 0.1214870152970473 0.11099252934898612 0.19732005217597529
1 0.3105656350053361 0.4715403770900035 0.12593383137673425 0.16506581287797936
1 0.43489861259338297 0.5559705917229929 0.13767342582710768 0.18593620301197675
2 0.5522945570971183 0.6631685046839795 0.06510138740661688 0.2713150717419661
1 0.13553895410885805 0.3624451559350172 0.11312700106723582 0.13281157357998338
1 0.07150480256136606 0.4421321000830072 0.096051227321238 0.18593620301197666
1 0.4503735325506936 0.2960393691450254 0.11526147278548557 0.16696312107197908
1 0.5661686232657417 0.3358828412190205 0.10992529348986124 0.18593620301197678
1 0.711846318036286 0.4003913198150124 0.12593383137673442 0.1783469702359777
1 0.7363927427961579 0.2988853314360251 0.11312700106723597 0.11953041622198508
1 0.8970117395944501 0.4886161508360014 0.14407684098185697 0.19162812759397604
1 0.8676627534685164 0.3624451559350172 0.1237993596584846 0.14799003913198153
1 0.32443970117395937 0.27042570852602865 0.10245464247598726 0.14988734732598125
1 0.33617929562433296 0.18599549389303924 0.09391675560298825 0.08727617692398905
