1 0.2614727854855923 0.7229337127949721 0.1707577374599786 0.2770069963239653
1 0.09818569903948772 0.5037946163879995 0.13020277481323372 0.2295742914739712
1 0.22411953041622198 0.4108265148820111 0.10458911419423689 0.1498873473259812
1 0.3356456776947704 0.4990513459030001 0.12913553895410876 0.20111466856397492
2 0.4322305229455708 0.5607138622079924 0.06189967982924229 0.2675204553539665
1 0.7017075773745995 0.862575592978292 0.19743863393810032 0.25272144565064325
1 0.45304162219850574 0.3131151428910233 0.10565635005336177 0.16316850468397961
1 0.5763073639274279 0.33493418712202055 0.11953041622198506 0.1498873473259813
1 0.7006403415154747 0.40133997391201226 0.11846318036286008 0.22198505869797228
1 0.8601921024546424 0.4886161508360014 0.14514407684098188 0.18403889481797697
1 0.8778014941302027 0.3377801494130202 0.1398078975453575 0.17455235384797818
1 0.1782283884738527 0.21445511680303567 0.0789754535752401 0.1290169571919839
3 0.25080042689434356 0.14710067591604406 0.13660618996798288 0.19921736036997506
