1 0.2486659551760939 0.6717063915569784 0.18783351120597655 0.2656231471599667
2 0.40394877267876195 0.9062136814402865 0.10352187833511195 0.142677570398657
1 0.5763073639274279 0.6470413850349815 0.1728922091782284 0.28459622909996435
1 0.431163287086446 0.5351002015889956 0.1366061899679829 0.2390608324439701
1 0.21771611526147275 0.3567532313530178 0.07470651013874069 0.22008775050397256
3 0.096051227321238 0.31874777659196 0.17716115261472787 0.63749555318392
1 0.6899679829242261 0.826337009367959 0.22091782283884726 0.26752045535396646
1 0.7241195304162218 0.41367247717301076 0.15688367129135541 0.19732005217597537
1 0.9290288153681963 0.5134708852823358 0.11632870864461055 0.24133759648664457
0 0.5763073639274279 0.2846555199810269 0.16862326574172876 0.295980078263963
