1 0.6680896478121664 0.7694177635479662 0.20064034151547488 0.263725838965967
1 0.7561366061899679 0.4297995968220087 0.15261472785485608 0.19542274398197548
1 0.3244397011739594 0.5199217360369974 0.1302027748132337 0.20490928495197436
1 0.0944503735325507 0.46015652792600487 0.1312700106723586 0.24475275702596933
1 0.546958377801494 0.3017312937270247 0.12273212379935955 0.21249851772797337
1 0.6579509071504799 0.31406379698802306 0.10565635005336177 0.22577967508597177
1 0.44823906083244386 0.23532550693703308 0.12806830309498396 0.15178465551998102
1 0.24386339381003197 0.23058223645203363 0.12486659551760937 0.14609273093798172
1 0.10032017075773744 0.18694414799003908 0.11953041622198506 0.1460927309379817
3 0.2790821771611526 0.40987786078501126 0.1590181430096051 0.2504446816079687
