1 0.26680896478121663 0.6717063915569784 0.16862326574172887 0.2732123799359658
1 0.42262540021344697 0.8054666192339617 0.16862326574172884 0.30926123562196123
1 0.48078975453575223 0.5664057867899916 0.16115261472785483 0.24095814063796986
1 0.5506937033084311 0.34631803628601915 0.13874066168623267 0.23336890786197084
1 0.7027748132337246 0.3150124510850231 0.11632870864461055 0.22767698327997155
1 0.8548559231590179 0.4611051820230048 0.15154749199573103 0.21629313411597295
1 0.8751334044823905 0.3624451559350171 0.16221985058697982 0.18593620301197672
1 0.36446104589114187 0.2893987904660262 0.1696905016008537 0.17265504565397838
1 0.2588046958377801 0.19927665125103758 0.12273212379935955 0.15557927190798054
1 0.10939167556029879 0.18409818569903946 0.10565635005336177 0.12901695719198386
1 0.05763073639274279 0.16133048737104233 0.07684098185699037 0.17455235384797813
3 0.6243329775880467 0.6707577374599785 0.22625400213447164 0.46863512391794143
