2 0.6456776947705443 0.7523419898019682 0.10032017075773758 0.2978773864579627
1 0.21024546424759868 0.644195422743982 0.16008537886872998 0.24095814063796994
1 0.3681963713980788 0.8718724060239532 0.18996798292422618 0.21819044230997278
1 0.4631803628601921 0.3045772560180244 0.12379935965848446 0.17265504565397843
1 0.5928495197438634 0.34916399857701874 0.12273212379935963 0.1973200521759754
1 0.10885805763073637 0.5056919245819992 0.12166488794023475 0.21439582592197318
1 0.21398078975453572 0.403237282106012 0.12700106723585913 0.18783351120597655
1 0.5245464247598718 0.627119648997984 0.16115261472785464 0.23336890786197073
1 0.3836712913553895 0.5170757737459978 0.15474919957310562 0.1878335112059765
1 0.7902881536819636 0.43454286730700814 0.14407684098185683 0.20111466856397478
1 0.35058697972251857 0.25904185936203006 0.09925293489861252 0.16886042926597886
1 0.9268943436499464 0.5220087721553346 0.10352187833511195 0.2242618227406467
1 0.2411953041622198 0.17366299063204074 0.08324439701173958 0.09296810150598836
3 0.06083244397011739 0.12907624807304635 0.07043756670224117 0.19732005217597529
