1 0.12966915688367128 0.49146211312700105 0.1483457844183564 0.2580339143839677
1 0.3505869797225186 0.5483813589469939 0.12913553895410876 0.22388236689197208
1 0.7385272145144072 0.8272856634649588 0.21131270010672354 0.23147159966797104
1 0.6824973319103519 0.38900747065101376 0.13767342582710776 0.15937388829598004
1 0.23692636072572035 0.3833155460690146 0.10672358591248667 0.14799003913198153
3 0.3404482390608324 0.4335942132100083 0.15581643543223053 0.256136606189968
1 0.909284951974386 0.510624922991336 0.13233724653148343 0.23185105551664578
1 0.5816435432230521 0.27042570852602865 0.12166488794023479 0.17265504565397843
1 0.4589114194236925 0.28180955769002725 0.12379935965848446 0.17265504565397843
1 0.1728922091782284 0.22394165777303449 0.11526147278548558 0.18973081939997627
1 0.3735325506937032 0.20591722993003675 0.12806830309498388 0.11573579983398555
