1 0.32230522945570966 0.7931341159729632 0.20064034151547497 0.31874777659196013
1 0.5245464247598719 0.6147871457369856 0.18463180362860193 0.21249851772797343
1 0.698505869797225 0.778904304517965 0.2038420490928494 0.31685046839796027
1 0.5821771611526146 0.34726669038301905 0.14834578441835647 0.22388236689197194
1 0.7748132337246529 0.4478240246650064 0.1707577374599788 0.28080161271196485
1 0.9311632870864425 0.3351239150463578 0.08858057630736389 0.12370448845865997
1 0.9348986125933831 0.5011383820213372 0.1302027748132339 0.20149412441264977
1 0.3244397011739594 0.4326455591130084 0.11099252934898615 0.223882366891972
0 0.41675560298826037 0.23437685284003318 0.1590181430096051 0.3168504683979604
1 0.8351120597652081 0.900361674374481 0.19743863393810046 0.19168741847503867
