1 0.3537886872998932 0.48766749673900134 0.15048025613660618 0.18973081939997613
1 0.18836712913553896 0.5834815605359895 0.14194236926360726 0.199217360369975
1 0.5528281750266808 0.635657535870983 0.16648879402347908 0.21629313411597295
1 0.35325506937033074 0.2960393691450254 0.11312700106723579 0.13660618996798288
1 0.7091782283884737 0.4003913198150124 0.10352187833511223 0.15937388829597998
1 0.53948772678762 0.3121664887940234 0.13127001067235844 0.21439582592197312
1 0.6819637139807895 0.2893987904660263 0.1280683030949841 0.12332503260998458
1 0.8201707577374596 0.4516186410530061 0.1398078975453575 0.20111466856397478
1 0.9413020277481323 0.534341275416333 0.07257203842049123 0.22615913093464649
3 0.10565635005336178 0.3273449543460215 0.17716115261472784 0.5179651369619352
