1 0.4674493062966915 0.5426894343649945 0.1387406616862325 0.24285544883196955
1 0.17609391675560296 0.5673544408869915 0.1728922091782284 0.28080161271196474
2 0.30309498399146206 0.777955650420965 0.06830309498399145 0.22008775050397247
1 0.10032017075773744 0.5113838491639985 0.0981856990394877 0.24095814063796972
3 0.06350053361792957 0.267579746235029 0.080042689434365 0.48191628127593966
1 0.32817502668089643 0.2419660856160322 0.15048025613660607 0.16886042926597886
1 0.5618996798292423 0.6897308193999762 0.15048025613660612 0.2978773864579626
1 0.8180362860192102 0.8794912842404838 0.24226254002134467 0.2410174315190325
1 0.9034151547491994 0.49165184105133847 0.15048025613660626 0.23564567190464536
0 0.7529348986125933 0.3595991936440175 0.21237993596584842 0.40033202893394987
1 0.1462113127001067 0.16227914146804218 0.0789754535752401 0.15368196371398077
1 0.11792956243329772 0.3216530297640222 0.052294557097118465 0.15747658010198026
1 0.3260405549626467 0.45541325744100547 0.1398078975453575 0.20111466856397478
