1 0.21985058697972248 0.3909047788450135 0.13447171824973322 0.18973081939997619
1 0.1696905016008538 0.5531246294319933 0.13233724653148346 0.21439582592197318
3 0.3127001067235859 0.6764496620419778 0.16435432230522934 0.30926123562196134
1 0.4834578441835645 0.6546306178109805 0.15795090715048016 0.2504446816079686
1 0.7134471718249732 0.8367722044349578 0.21878335112059774 0.2466500652199693
1 0.6205976520811098 0.2893987904660263 0.12273212379935941 0.14229811454998223
1 0.8687299893276412 0.4762836475750029 0.15581643543223053 0.20111466856397478
1 0.28441835645677693 0.2419660856160322 0.10779082177161146 0.16886042926597888
3 0.4092849519743862 0.1983279971540377 0.13767342582710776 0.24475275702596938
1 0.12913553895410884 0.20022530534803742 0.10032017075773744 0.11953041622198503
