1 0.31590181430096054 0.7779556504209652 0.1707577374599787 0.26562314715996677
1 0.21878335112059766 0.6479900391319812 0.128068303094984 0.2561366061899681
1 0.10458911419423693 0.47059172299300356 0.12593383137673425 0.21249851772797343
1 0.4258271077908218 0.28655282817502664 0.13447171824973317 0.20870390133997394
1 0.8030949839914621 0.8606782847842922 0.22305229455709707 0.2337483637106456
1 0.5976520811099251 0.36813708051701644 0.1152614727854855 0.18593620301197678
1 0.800960512273212 0.44972133285900623 0.11419423692636073 0.19352543578797587
1 0.24279615795090714 0.22394165777303449 0.10992529348986121 0.14419542274398198
1 0.6595517609391673 0.29224475275702594 0.12806830309498388 0.14040080635598248
1 0.9226254002134471 0.34631803628601915 0.10352187833511195 0.13470888177398316
1 0.11686232657417289 0.3244989920550219 0.13340448239060831 0.12522234080398437
1 0.25133404482390603 0.5540732835289932 0.15901814300960507 0.18593620301197675
