1 0.42742796157950896 0.27611763310802795 0.11205976520811092 0.17644966204197787
1 0.5426894343649945 0.33967745760701995 0.10565635005336169 0.21629313411597298
1 0.7486659551760937 0.4231590181430096 0.1590181430096051 0.1859362030119768
3 0.3351120597652081 0.3482153444800189 0.2540021344717182 0.11194118344598593
3 0.35378868729989327 0.562611170401992 0.304162219850587 0.31685046839796027
3 0.5170757737459978 0.8719020514644846 0.6691568836712912 0.2561958970710306
1 0.18569903948772676 0.6366061899679828 0.07257203842049094 0.25234198980196837
1 0.10085378868729988 0.5237163524249969 0.12486659551760938 0.20490928495197436
1 0.14514407684098182 0.3681370805170164 0.11739594450373532 0.1745523538479781
1 0.05816435432230522 0.3880588165540139 0.06937033084311632 0.24475275702596938
