1 0.5128068303094984 0.3064745642120241 0.1270010672358592 0.1650658128779794
1 0.6264674493062968 0.3795209296810151 0.10672358591248673 0.18593620301197675
1 0.8473852721451439 0.4724890311870034 0.15795090715048032 0.2390608324439701
1 0.1542155816435432 0.6015059883789873 0.09284951974386337 0.2732123799359659
3 0.5064034151547481 0.7893691450254926 0.5538954108858045 0.42126170994900547
3 0.3484525080042689 0.4592078738290051 0.295624332977588 0.2504446816079687
3 0.28975453575240123 0.28655282817502664 0.2572038420490928 0.0796869441479901
1 0.07257203842049093 0.4487726787620063 0.10032017075773744 0.17265504565397832
1 0.07203842049092848 0.32639630024902166 0.07790821771611527 0.17834697023597773
1 0.8767342582710778 0.8965670579864816 0.1760939167556029 0.20686588402703676
1 0.17395944503735325 0.38331554606901447 0.07257203842049094 0.1441954227439819
