1 0.31109925293489854 0.7049092849519744 0.17609391675560293 0.23716352424997025
1 0.6430096051227321 0.6982687062729751 0.19103521878335086 0.24665006521996902
1 0.26627534685165416 0.4383374836950077 0.12913553895410881 0.17075773745997858
1 0.7433297758804696 0.4250563263370093 0.15048025613660612 0.17834697023597756
1 0.4050160085378867 0.29414206095102563 0.1270010672358591 0.1404008063559824
1 0.1286019210245464 0.3501126526740187 0.12059765208110988 0.16886042926597888
1 0.195837780149413 0.21540377090003557 0.10565635005336174 0.13470888177398316
1 0.4226254002134469 0.21824973319103513 0.1067235859124866 0.11383849163998573
1 0.2732123799359658 0.18979011028103876 0.08751334044823902 0.1366061899679829
1 0.0576307363927428 0.17935491521404007 0.06830309498399147 0.14609273093798172
3 0.9172892209178226 0.2742203249140282 0.11419423692636059 0.4648405075299419
