1 0.3927427961579509 0.5407921261709947 0.1408751334044824 0.2049092849519743
1 0.34258271077908214 0.7390608324439699 0.16435432230522948 0.22198505869797217
1 0.8756670224119528 0.48292422625400205 0.1440768409818571 0.19162812759397604
3 0.6707577374599787 0.23912012332503252 0.1462113127001067 0.26182853077196716
1 0.5394877267876198 0.347266690383019 0.10779082177161137 0.18214158662397714
1 0.47758804695837775 0.30932052650302383 0.0971184631803628 0.16316850468397961
1 0.3762006403415154 0.28560417407802674 0.10138740661686235 0.15368196371398082
1 0.3906083244397011 0.9193347563144786 0.21558164354322307 0.1347681726550458
1 0.06029882604055496 0.4516186410530059 0.08858057630736392 0.23147159966797098
2 0.12006403415154747 0.34631803628601915 0.06510138740661685 0.16506581287797936
1 0.20010672358591244 0.2173010790940353 0.103521878335112 0.1460927309379817
1 0.907684098185699 0.37193169690501593 0.1163287086446104 0.13660618996798285
