1 0.2998932764140875 0.2542985888770306 0.12166488794023479 0.151784655519981
1 0.6104589114194234 0.3539072690620182 0.13660618996798285 0.20680659314597422
1 0.7993596584845248 0.4506699869560062 0.15154749199573103 0.2675204553539665
1 0.10512273212379934 0.33493418712202055 0.11846318036286015 0.16506581287797928
1 0.24332977588046958 0.5825329064389897 0.14941302027748132 0.22008775050397256
1 0.2556029882604055 0.42695363453100904 0.15901814300960507 0.1631685046839796
1 0.7657417289220916 0.8121071979129608 0.21664887940234792 0.3073639274279614
3 0.4364994663820703 0.7789339499584962 0.38633938100320164 0.42695363453100926
1 0.42262540021344713 0.5464840507529941 0.1536819637139807 0.15178465551998102
1 0.15368196371398077 0.20117395944503735 0.1173959445037353 0.17455235384797813
1 0.5805763073639274 0.6736036997509782 0.14514407684098188 0.24285544883196963
