1 0.45037353255069346 0.8662101268824854 0.20277481323372462 0.26757974623502917
1 0.4295624332977588 0.5275109688129964 0.15474919957310562 0.20490928495197436
1 0.6008537886872997 0.6992173603699748 0.18356456776947702 0.22198505869797217
1 0.7550693703308431 0.8824973290152891 0.17822838847385256 0.23185105551664578
1 0.1622198505869797 0.3643424641290169 0.1237993596584845 0.16316850468397956
3 0.07363927427961578 0.31596110518202297 0.09391675560298823 0.29408277006996325
1 0.5528281750266808 0.3444207280920193 0.1408751334044824 0.1878335112059765
1 0.36179295624332974 0.2647337839440294 0.11953041622198513 0.13470888177398316
1 0.24066168623265738 0.22583896596703426 0.12273212379935959 0.13281157357998338
1 0.7801494130202774 0.33208822483102096 0.13874066168623272 0.15557927190798057
1 0.8601921024546424 0.45351594924700583 0.16221985058697977 0.208703901339974
