1 0.5229455709711845 0.3112178346970236 0.13447171824973325 0.1935254357879758
1 0.25506937033084304 0.6783469702359776 0.16221985058697969 0.22198505869797217
1 0.706510138740661 0.7789043045179643 0.18356456776947627 0.2371635242499716
1 0.173959445037353 0.5730463654689908 0.13233724653148304 0.20490928495197486
1 0.06296691568836713 0.4383374836950077 0.08110992529348986 0.17834697023597762
1 0.69957310565635 0.40513459030001187 0.1163287086446104 0.176449662041978
1 0.7449306296691565 0.3169097592790228 0.11312700106723582 0.16316850468397961
1 0.34471718249733185 0.2685284003320289 0.11099252934898604 0.13470888177398319
1 0.9082177161152614 0.49810269180600014 0.11739594450373517 0.19162812759397596
1 0.38260405549626464 0.21635242499703544 0.0971184631803628 0.1290169571919839
1 0.18836712913553894 0.5094865409699988 0.13553895410885805 0.18403889481797697
3 0.459445037353255 0.8813885924344834 0.6008537886872997 0.20307126763903724
