3 0.5101387406616862 0.5540732835289932 0.1921024546424759 0.28080161271196485
1 0.21878335112059763 0.5768409818569903 0.15154749199573098 0.2732123799359658
1 0.3895410885805763 0.4696430688960037 0.13447171824973325 0.21060120953397374
1 0.38207043756670217 0.6840388948179769 0.15795090715048027 0.2485473734139689
1 0.24653148345784412 0.22963358235503378 0.12166488794023472 0.14799003913198153
1 0.3922091782283883 0.2286849282580339 0.09498399146211306 0.1726550456539784
1 0.6937033084311632 0.3975453575240128 0.13020277481323356 0.1992173603699751
1 0.8559231590181429 0.3785722755840151 0.14087513340448254 0.21060120953397368
1 0.49573105656350036 0.3178584133760227 0.1270010672358592 0.16127119648997978
1 0.18036286019210246 0.17461164472904067 0.1344717182497332 0.1252223408039843
