1 0.3143009605122732 0.49620538361200045 0.1398078975453575 0.1878335112059765
1 0.35432230522945557 0.874718368314953 0.18783351120597644 0.22767698327997138
1 0.2865528281750266 0.6717063915569773 0.1590181430096053 0.1973200521759749
1 0.38473852721451435 0.7845962290999643 0.16115261472785483 0.22957429147397135
1 0.28655282817502664 0.2533499347800308 0.09711846318036282 0.13091426538598364
1 0.4663820704375665 0.3102691806000236 0.09818569903948755 0.15368196371398082
1 0.11846318036286017 0.18409818569903946 0.11953041622198506 0.1404008063559824
1 0.6366061899679828 0.3842642001660144 0.1270010672358591 0.1726550456539784
1 0.5693703308431162 0.25334993478003076 0.1077908217716115 0.11194118344598597
1 0.9402347918890074 0.5286493508343338 0.0875133404482392 0.22995374732264615
3 0.7577374599786552 0.27611763310802795 0.16648879402347916 0.2675204553539665
