1 0.24493062966915688 0.42221036404600965 0.14194236926360723 0.15368196371398077
1 0.3143009605122731 0.7845962290999643 0.18036286019210235 0.25234198980196837
1 0.24172892209178223 0.6062492588639866 0.15474919957310565 0.199217360369975
1 0.5629669156883671 0.3387288035100201 0.1163287086446104 0.1878335112059765
1 0.2107790821771611 0.22204434957903474 0.12059765208110994 0.144195422743982
1 0.38100320170757734 0.28180955769002725 0.11099252934898615 0.17265504565397843
1 0.7433297758804694 0.435491521404008 0.11846318036286022 0.18783351120597644
1 0.6680896478121662 0.3728803510020159 0.10245464247598711 0.1954227439819756
1 0.07150480256136606 0.17366299063204074 0.08537886872998932 0.14609273093798167
3 0.8649946638207042 0.31596110518202297 0.1760939167556029 0.32823431756195887
