1 0.16168623265741724 0.3567532313530178 0.11419423692636071 0.13660618996798288
1 0.2230522945570971 0.6622198505869795 0.09391675560298822 0.2694177635479663
1 0.6398078975453574 0.7143958259219733 0.14407684098185697 0.2713150717419661
3 0.419957310565635 0.7352958614965018 0.35112059765208103 0.5294082770069963
1 0.7401280683030949 0.41367247717301076 0.13127001067235852 0.23526621605597056
1 0.20064034151547488 0.5303569311039961 0.17075773745997863 0.21060120953397365
1 0.43596584845250796 0.30267994782402463 0.12486659551760937 0.16127119648997978
1 0.26734258271077904 0.2751689790110281 0.1141942369263607 0.2049092849519744
1 0.1510138740661686 0.21824973319103513 0.11632870864461044 0.1745523538479781
1 0.9375667022411952 0.5123325032609983 0.08004268943436514 0.2808016127119648
1 0.3319103521878335 0.44592671647100673 0.10245464247598718 0.08727617692398909
