1 0.12379935965848453 0.5009486540969997 0.12593383137673425 0.18973081939997624
1 0.4183564567769477 0.5170757737459978 0.14514407684098188 0.1802442784299774
1 0.3970117395944501 0.889137907694287 0.19210245464247552 0.20339143260664636
1 0.24226254002134467 0.40798055259101146 0.11739594450373528 0.18973081939997619
1 0.7187833511205975 0.8225423929799596 0.19743863393810024 0.24475275702596933
1 0.6878335112059765 0.3814182378750148 0.13127001067235852 0.2011146685639748
1 0.5069370330843115 0.3301909166370212 0.12166488794023479 0.13281157357998338
1 0.31270010672358584 0.24291473971303212 0.11312700106723575 0.15178465551998102
1 0.8345784418356452 0.3301909166370212 0.1280683030949838 0.15557927190798052
1 0.8665955176093914 0.4772323016720027 0.1280683030949841 0.1916281275939761
1 0.41942369263607254 0.20971184631803624 0.1323372465314835 0.18783351120597647
3 0.08057630736392742 0.27801494130202775 0.11632870864461045 0.4382781928139452
