1 0.18409818569903946 0.5834815605359894 0.14621131270010668 0.20680659314597413
1 0.2982924226254002 0.4544646033440057 0.14407684098185705 0.19542274398197557
1 0.14994663820704374 0.20876319222103634 0.11205976520811095 0.12901695719198383
1 0.28601921024546423 0.19832799715403773 0.11099252934898604 0.1385034981619827
1 0.43009605122732125 0.2979366773390252 0.11739594450373537 0.13281157357998336
1 0.4354322305229455 0.23058223645203368 0.12593383137673428 0.10055733428198746
1 0.5960512273212377 0.2628364757500295 0.135538954108858 0.10435195066998695
1 0.7497331910352186 0.39754535752401277 0.14407684098185683 0.21819044230997275
1 0.8980789754535743 0.35580457725601783 0.1355389541088593 0.21060120953397385
1 0.6013874066168622 0.36813708051701644 0.12913553895410892 0.1897308193999763
1 0.8313767342582709 0.8834459831122894 0.2177161152614727 0.21477528177064784
1 0.9487726787620059 0.4992410738273374 0.06830309498399145 0.21667258996464767
1 0.05549626467449306 0.3045772560180244 0.06830309498399145 0.17265504565397843
1 0.459445037353255 0.9166488765072853 0.20384204909284953 0.13319102942865813
