1 0.45067097415506957 0.5914512922465208 0.14985089463220674 0.23260437375745519
1 0.1470551689860835 0.547713717693837 0.1330765407554672 0.21272365805168994
1 0.3164761431411531 0.4622266401590458 0.1252485089463221 0.17693836978131217
1 0.45793986083499005 0.9055666003976143 0.2046471172962226 0.18886679920477134
1 0.4311008946322068 0.3071570576540756 0.11742047713717696 0.16103379721669978
1 0.1845178926441352 0.3538767395626243 0.12972166998011928 0.19483101391650098
1 0.04808648111332008 0.12823061630218685 0.08722664015904574 0.10536779324055665
1 0.21471172962226642 0.17196819085487078 0.09393638170974157 0.11332007952286283
1 0.1353131212723658 0.20377733598409542 0.0849900596421471 0.09343936381709743
3 0.7492544731610339 0.22365805168986086 0.2773359840954274 0.43141153081510936
3 0.050882206759443355 0.3429423459244533 0.1017644135188867 0.26043737574552683
1 0.9042619284294235 0.9224652087475149 0.18476640159045715 0.15506958250497022
