3 0.5624332977588046 0.805496264674493 0.5570971184631803 0.38900747065101393
1 0.3836712913553893 0.5142298114549981 0.13767342582710781 0.1973200521759753
1 0.2929562433297758 0.443080754180007 0.12913553895410881 0.23716352424997034
2 0.16061899679829242 0.5673544408869915 0.12273212379935965 0.2504446816079685
1 0.16648879402347916 0.36718842642001653 0.13447171824973314 0.23716352424997036
1 0.6376734258271077 0.3690857346140163 0.16969050160085367 0.22198505869797217
1 0.45570971184631803 0.24860666429503142 0.12166488794023472 0.1707577374599787
1 0.1846318036286019 0.19358472666903828 0.14727854855923156 0.1973200521759753
1 0.06830309498399145 0.14330605952804457 0.08537886872998932 0.16886042926597886
1 0.06937033084311633 0.43074825091900865 0.08964781216648879 0.2997746946519625
