1 0.3303094983991462 0.8073639274279614 0.18890074706510138 0.25234198980196854
1 0.5800426894343648 0.7001660144669748 0.2081109925293491 0.24665006521996916
1 0.3068303094983991 0.4535159492470058 0.135538954108858 0.18973081939997627
1 0.061899679829242264 0.44023479188900744 0.10458911419423693 0.1973200521759753
1 0.6339381003201707 0.40892920668801125 0.14300960512273214 0.17265504565397832
1 0.8297758804695835 0.44497806237400683 0.15048025613660612 0.2371635242499702
1 0.29775880469583776 0.25050397248903117 0.10458911419423689 0.144195422743982
1 0.4327641408751334 0.28560417407802674 0.1227321237993597 0.15747658010198023
1 0.5496264674493062 0.24386339381003197 0.11953041622198506 0.21060120953397368
1 0.14034151547491994 0.34916399857701885 0.10138740661686234 0.1593738882959801
