1 0.08858057630736393 0.45920787382900513 0.12593383137673425 0.2390608324439701
1 0.40448239060832436 0.5256136606189967 0.1344717182497331 0.20870390133997382
1 0.3356456776947705 0.778904304517965 0.16542155816435436 0.23716352424997025
1 0.8729989327641405 0.47723230167200287 0.13233724653148343 0.1878335112059765
1 0.4834578441835646 0.32070437566702237 0.12379935965848453 0.1328115735799834
1 0.6125933831376733 0.3747776591960156 0.1195304162219849 0.13850349816198274
1 0.3468516542155815 0.27232301672002845 0.11312700106723575 0.14988734732598125
1 0.195837780149413 0.2248903118700344 0.08644610458911421 0.14988734732598127
1 0.5528281750266807 0.6821415866239771 0.15368196371398074 0.2409581406379698
1 0.8527214514407683 0.34631803628601915 0.13233724653148343 0.16127119648997978
1 0.6088580576307363 0.25999051345902996 0.1099252934898611 0.09866002608798766
1 0.7369263607257203 0.841515474919957 0.20384204909284948 0.2333689078619706
