1 0.450907150480256 0.5426894343649944 0.15474919957310554 0.21629313411597287
1 0.20811099252934898 0.3928020870390133 0.1302027748132337 0.1707577374599786
1 0.5426894343649945 0.3415747658010197 0.1248665955176092 0.1669631210719791
1 0.7155816435432228 0.8559350142992929 0.18890074706510135 0.247029521068644
1 0.07684098185699038 0.4250563263370093 0.10032017075773744 0.18973081939997619
1 0.30683030949839907 0.7314715996679708 0.14621131270010662 0.2599312225779674
1 0.38153681963713965 0.23437685284003318 0.10138740661686221 0.16506581287797936
3 0.1889007470651014 0.1309735562670461 0.1366061899679829 0.19732005217597529
1 0.8409818569903947 0.3510613067710186 0.11953041622198497 0.15557927190798057
1 0.7278548559231589 0.4013399739120123 0.1237993596584846 0.16127119648997984
3 0.4770544290288152 0.862575592978292 0.19637139807897533 0.24513221287464418
1 0.6771611526147275 0.2922447527570259 0.11419423692636066 0.14419542274398192
