1 0.3548559231590181 0.5047432704849993 0.14194236926360726 0.18973081939997624
1 0.39327641408751335 0.81874777659196 0.18676627534685175 0.27510968812996567
1 0.22358591248665957 0.4098778607850113 0.12059765208110994 0.19732005217597526
1 0.08110992529348986 0.47343768528400326 0.11312700106723586 0.18403889481797692
1 0.10565635005336177 0.3150124510850231 0.11739594450373529 0.1897308193999763
1 0.7908217716115259 0.8253883552709592 0.21558164354322312 0.2997746946519625
1 0.5731056563500534 0.34442072809201946 0.1173959445037353 0.17644966204197796
1 0.2652081109925293 0.2457607020040317 0.11846318036286013 0.12332503260998458
1 0.16115261472785483 0.16417644966204192 0.09178228388473855 0.11953041622198503
1 0.06616862326574173 0.16797106605004145 0.08537886872998932 0.11953041622198503
1 0.3094983991462113 0.20022530534803745 0.09605122732123796 0.1271196489979841
3 0.852187833511206 0.24310446763736956 0.2508004268943438 0.4329657240806208
