1 0.6221985058697971 0.7532906438989682 0.18569903948772676 0.21629313411597295
1 0.42849519743863385 0.5768409818569903 0.1547491995731056 0.1973200521759753
1 0.7091782283884737 0.3244989920550219 0.11205976520811092 0.16696312107197916
1 0.14087513340448235 0.35485592315901804 0.11739594450373532 0.16696312107197916
1 0.12113127001067221 0.5170757737459969 0.1248665955176091 0.16506581287797906
3 0.2518676627534685 0.5939167556029882 0.15154749199573112 0.27700699632396536
1 0.3767342582710779 0.26947705442902875 0.11526147278548564 0.1707577374599787
3 0.4957310565635005 0.22014704138503496 0.1270010672358592 0.223882366891972
3 0.06456776947705442 0.15089529230404364 0.08431163287086445 0.18403889481797694
1 0.2086446104589114 0.22868492825803385 0.09284951974386342 0.12332503260998454
1 0.18303094983991458 0.16891972014704135 0.09498399146211313 0.09486540969998815
1 0.4423692636072572 0.8965374125459503 0.20597652081109935 0.16506581287797928
1 0.8665955176093916 0.9166488765072853 0.22411953041622212 0.1445748785926567
1 0.9471718249733189 0.4271433624553465 0.07577374599786565 0.18631565886065155
