1 0.14354322305229458 0.5227676983279972 0.1675560298826041 0.2295742914739712
1 0.5010672358591249 0.5929681015059881 0.15048025613660623 0.21819044230997278
1 0.3980789754535752 0.8663702093662916 0.1985058697972252 0.22995374732264623
1 0.6488794023479187 0.770366417644966 0.16862326574172884 0.24665006521996916
1 0.734258271077908 0.42600498043400925 0.11953041622198565 0.18024427842997756
3 0.9364994663820698 0.49070318695433507 0.08217716115261428 0.3058460750826345
1 0.37940234791889 0.283706865884027 0.10992529348986116 0.16127119648997984
1 0.5042689434364993 0.32924226254002137 0.10992529348986116 0.13470888177398319
1 0.7353255069370328 0.31216648879402337 0.11953041622198497 0.1422981145499822
1 0.24119530416221976 0.2438633938100319 0.10458911419423686 0.14988734732598122
1 0.4898612593383136 0.2419660856160322 0.10458911419423693 0.12711964899798406
1 0.06616862326574173 0.3159611051820229 0.08537886872998932 0.18024427842997745
1 0.09711846318036282 0.19643068896003782 0.08110992529348997 0.10814656705798618
1 0.27854855923159016 0.18979011028103873 0.08751334044823907 0.12142772441598475
1 0.15314834578441835 0.1565872168860429 0.0864461045891142 0.11573579983398552
1 0.832977588046958 0.9071623355372864 0.21451440768409824 0.1369856458166578
