1 0.32230522945570955 0.450669986956006 0.13020277481323375 0.19162812759397604
1 0.2283884738527214 0.6328115735799831 0.14300960512273206 0.2257796750859719
1 0.5907150480256135 0.7457014111229693 0.1760939167556029 0.23906083244397003
1 0.5133404482390607 0.2666310921380291 0.11099252934898615 0.1650658128779794
1 0.7187833511205975 0.4108265148820111 0.13127001067235852 0.1878335112059765
1 0.18409818569903946 0.21160915451203605 0.10992529348986127 0.13470888177398316
1 0.911953041622198 0.5011383820213372 0.135538954108858 0.20528874080064916
1 0.8105656350053357 0.34347207399501956 0.11419423692636073 0.17834697023597773
3 0.38260405549626453 0.7675204553539663 0.184631803628602 0.34720739950195645
3 0.3052294557097118 0.17366299063204074 0.13233724653148343 0.20301197675797458
1 0.07790821771611527 0.3273449543460215 0.10458911419423693 0.1688604292659789
1 0.8233724653148342 0.920253764970947 0.2017075773745998 0.11383849163998562
