1 0.20651013874066165 0.5920194474089884 0.16542155816435433 0.2504446816079686
1 0.6067235859124865 0.6717063915569785 0.17395944503735328 0.23147159966797098
1 0.14887940234791888 0.35865053954701764 0.12913553895410884 0.18593620301197675
1 0.6013874066168622 0.36813708051701644 0.11846318036286015 0.1593738882959801
1 0.3906083244397011 0.2875014822720265 0.10885805763073635 0.15368196371398074
1 0.2716115261472785 0.25050397248903117 0.1077908217716115 0.15178465551998105
1 0.36179295624332963 0.211609154512036 0.087513340448239 0.12332503260998456
1 0.7700106723585912 0.8787027126272897 0.2273212379935967 0.19011027524865112
1 0.1376734258271078 0.2021226135420372 0.0917822838847385 0.12711964899798414
1 0.17929562433297758 0.16702241195304157 0.08537886872998932 0.13281157357998338
1 0.06350053361792955 0.13476817265504562 0.07790821771611527 0.1100438752519862
1 0.6152614727854856 0.2685284003320288 0.10565635005336177 0.14988734732598122
3 0.8372465314834572 0.4041859362030115 0.16115261472785383 0.28080161271196535
1 0.45837780149413004 0.9223408010892844 0.20811099252934898 0.1180125638766603
